Max Converge Time: [11.765, 12.176, 11.52, 12.306, 11.494, 12.047, 11.631, 11.458, 12.131, 11.81, 11.499, 12.249, 11.876, 11.579, 11.565, 12.288, 12.163, 11.419, 12.138, 11.806, 11.753, 11.465, 11.752, 12.218, 12.056, 11.456, 11.454, 12.266, 12.005, 12.034, 12.185, 11.714, 11.808, 11.954, 11.469, 12.38, 11.68, 12.148, 11.63, 11.537, 11.82, 11.631, 11.676, 11.794, 12.081, 11.698, 11.51, 12.153, 11.646, 11.845, 12.136, 11.682, 11.534, 11.788, 11.519, 12.062, 12.173, 12.165, 12.197, 11.679, 12.23, 11.595]
Max Converge Time Init: [1.782, 2.189, 1.523, 2.292, 1.511, 2.04, 1.647, 1.442, 2.126, 1.858, 1.53, 2.261, 1.874, 1.575, 1.577, 2.259, 2.219, 1.428, 2.135, 1.81, 1.76, 1.47, 1.735, 2.259, 2.07, 1.455, 1.453, 2.205, 2.017, 2.063, 2.21, 1.744, 1.813, 1.971, 1.461, 2.339, 1.721, 2.161, 1.667, 1.531, 1.887, 1.632, 1.7, 1.778, 2.083, 1.732, 1.516, 2.189, 1.63, 1.812, 2.136, 1.692, 1.532, 1.81, 1.577, 2.088, 2.191, 2.187, 2.225, 1.697, 2.259, 1.602]
Max Total Traffic Received: [1258.724, 1350.14, 1288.157, 1236.86, 1275.697, 1296.241, 1242.011, 1263.095, 1273.536, 1450.738, 1248.015, 1253.241, 1249.158, 1279.645, 1231.296, 1228.984, 1327.556, 1321.3, 1228.12, 1276.599, 1308.541, 1280.968, 1273.053, 1277.384, 1373.604, 1270.893, 1358.374, 1257.474, 1324.922, 1278.326, 1261.693, 1278.264, 1293.797, 1298.578, 1267.544, 1227.754, 1259.112, 1244.459, 1278.652, 1242.866, 1256.275, 1234.575, 1322.544, 2334.242, 1300.842, 1320.938, 1266.713, 1256.505, 1331.447, 1309.292, 1361.569, 1304.303, 1323.644, 1296.25, 1347.363, 1252.879, 1270.75, 1270.496, 1271.897, 1248.969, 1247.628, 1419.116]
Average Total Traffic Received: [1214.437, 1217.778, 1210.302, 1194.714, 1218.568, 1219.845, 1205.848, 1207.598, 1219.209, 1267.245, 1211.097, 1193.124, 1214.119, 1218.409, 1196.802, 1197.895, 1236.705, 1224.458, 1191.851, 1223.504, 1218.414, 1210.779, 1214.437, 1223.663, 1235.409, 1216.346, 1239.568, 1206.484, 1232.252, 1208.075, 1216.028, 1210.938, 1221.277, 1207.447, 1211.895, 1188.352, 1207.439, 1196.305, 1229.707, 1200.917, 1209.348, 1196.782, 1236.387, 2292.447, 1227.003, 1235.751, 1220.8, 1218.891, 1245.454, 1229.389, 1234.001, 1219.845, 1241.636, 1230.96, 1244.658, 1218.096, 1215.392, 1223.504, 1216.982, 1206.644, 1203.94, 1243.227]
Max Total Traffic Sent: [1217.953, 1271.92, 1240.076, 1268.658, 1285.235, 1318.089, 1295.511, 1267.027, 1282.623, 1348.529, 1298.708, 1218.803, 1290.52, 1295.352, 1222.658, 1331.5, 1361.288, 1266.504, 1225.296, 1265.036, 1283.177, 1272.508, 1231.918, 1363.344, 1376.916, 1328.856, 1278.641, 1319.818, 1308.725, 1283.928, 1335.023, 1273.649, 1382.888, 1244.077, 1280.262, 1269.409, 1251.071, 1199.486, 1274.465, 1275.705, 1256.161, 1255.281, 1293.258, 2336.594, 1319.428, 1308.789, 1317.861, 1282.589, 1319.166, 1308.137, 1309.476, 1259.521, 1324.973, 1283.452, 1296.88, 1374.438, 1270.225, 1247.938, 1254.693, 1276.293, 1291.498, 1329.475]
Average Total Traffic Sent: [1149.496, 1152.836, 1145.36, 1129.773, 1153.68, 1154.904, 1140.907, 1142.656, 1154.268, 1202.303, 1146.156, 1128.182, 1149.178, 1153.522, 1131.915, 1132.954, 1171.764, 1159.517, 1126.91, 1158.562, 1153.472, 1145.838, 1149.496, 1158.721, 1170.521, 1151.405, 1174.627, 1141.543, 1167.31, 1143.134, 1151.087, 1145.997, 1156.335, 1142.559, 1147.008, 1123.411, 1142.497, 1131.363, 1164.766, 1135.976, 1144.406, 1131.841, 1171.446, 2183.223, 1162.062, 1170.81, 1155.858, 1153.95, 1180.512, 1164.447, 1169.06, 1154.904, 1176.695, 1166.073, 1179.717, 1153.154, 1150.45, 1158.562, 1152.041, 1141.702, 1138.998, 1178.285]
Max Converge Time ():
Mean: 11.847
Max : 12.38
Confidence Interval: (11.775, 11.919)

Max Converge Time Init ():
Mean: 1.857
Max : 2.339
Confidence Interval: (1.785, 1.929)

Average Total Traffic Received ():
Mean: 1235.329
Max : 2292.447
Confidence Interval: (1200.46, 1270.198)

Average Total Traffic Sent: ():
Mean: 1169.679
Max : 2183.223
Confidence Interval: (1136.229, 1203.129)

Average Total Traffic Sent and received: ():
Mean: 2405.008
Max : 4475.67
Confidence Interval: (2336.689, 2473.327)

number of entries in each array
Length of Max Converge Time: 62
Length of Average Converge Time: 62
Length of Max Converge Time Init: 62
Length of Average Converge Time Init: 62
Length of Max Total Traffic Received: 62
Length of Average Total Traffic Received: 62
Length of Max Total Traffic Sent: 62
Length of Average Total Traffic Sent: 62